pkg/rts/inst/external/r2.asc
NCOLS 43 
NROWS 30 
XLLCORNER 631900.453205175 
YLLCORNER 5714610.68929959 
CELLSIZE 1000 
NODATA_value -3.4e+38 
[rows 0 to 19 of 30, columns 0 to 42 of 43]
0.441900014877319 0.407499998807907 0.281399995088577 0.349700003862381 0.541499972343445 0.514400005340576 0.633899986743927 0.551100015640259 0.509999990463257 0.680000007152557 0.697899997234344 0.459800004959106 0.410800009965897 0.543299973011017 0.671000003814697 0.67960000038147 0.660099983215332 0.61489999294281 0.638499975204468 0.635599970817566 0.652700006961823 0.556100010871887 0.581099987030029 0.433499991893768 0.55919998884201 0.58050000667572 0.54229998588562 0.613099992275238 0.573899984359741 0.646700024604797 0.660600006580353 0.503400027751923 0.621800005435944 0.61269998550415 0.555000007152557 0.440499991178513 0.663299977779388 0.688399970531464 0.674799978733063 0.639900028705597 0.620500028133392 0.627499997615814 0.582799971103668
0.580799996852875 0.585900008678436 0.471399992704391 0.539099991321564 0.436199992895126 0.496899992227554 0.306100010871887 0.470299988985062 0.33840000629425 0.446999996900558 0.384400010108948 0.416999995708466 0.477299988269806 0.535099983215332 0.594099998474121 0.605099976062775 0.578800022602081 0.556800007820129 0.321700006723404 0.511500000953674 0.551999986171722 0.501999974250793 0.532500028610229 0.458799988031387 0.500299990177155 0.593100011348724 0.622200012207031 0.592700004577637 0.547900021076202 0.640500009059906 0.582400023937225 0.467999994754791 0.672299981117249 0.438899993896484 0.442499995231628 0.599699974060059 0.589200019836426 0.419999986886978 0.519699990749359 0.728999972343445 0.622399985790253 0.654900014400482 0.651899993419647
0.509599983692169 0.639299988746643 0.545099973678589 0.751600027084351 0.614300012588501 0.553799986839294 0.500699996948242 0.634100019931793 0.461499989032745 0.540799975395203 0.653800010681152 0.720499992370605 0.691699981689453 0.511799991130829 0.413500010967255 0.535199999809265 0.575500011444092 0.507200002670288 0.491899996995926 0.391000002622604 0.399599999189377 0.443500012159348 0.386099994182587 0.542400002479553 0.485700011253357 0.688399970531464 0.640600025653839 0.651099979877472 0.573800027370453 0.500400006771088 0.422199994325638 0.541299998760223 0.474900007247925 0.54119998216629 0.614199995994568 0.660700023174286 0.585099995136261 0.501900017261505 0.432200014591217 0.73199999332428 0.78219997882843 0.72680002450943 0.724500000476837
0.53329998254776 0.678600013256073 0.541999995708466 0.644200026988983 0.630299985408783 0.605499982833862 0.54229998588562 0.583899974822998 0.551199972629547 0.595099985599518 0.620500028133392 0.726599991321564 0.740899980068207 0.641099989414215 0.71450001001358 0.675899982452393 0.794200003147125 0.699100017547607 0.605499982833862 0.502900004386902 0.499300003051758 0.782899975776672 0.745299994945526 0.619099974632263 0.550100028514862 0.735099971294403 0.723100006580353 0.600600004196167 0.669799983501434 0.636900007724762 0.699500024318695 0.560000002384186 0.606700003147125 0.554000020027161 0.596400022506714 0.55620002746582 0.567600011825562 0.590799987316132 0.656599998474121 0.702700018882751 0.691200017929077 0.637899994850159 0.651899993419647
0.383199989795685 0.534900009632111 0.417499989271164 0.510599970817566 0.473100006580353 0.61710000038147 0.745700001716614 0.599799990653992 0.485300004482269 0.457300007343292 0.689599990844727 0.761500000953674 0.674799978733063 0.713100016117096 0.741900026798248 0.755299985408783 0.742900013923645 0.714200019836426 0.745400011539459 0.782999992370605 0.810199975967407 0.768700003623962 0.619499981403351 0.693899989128113 0.785000026226044 0.774200022220612 0.698199987411499 0.593200027942657 0.699400007724762 0.665499985218048 0.736999988555908 0.684099972248077 0.636300027370453 0.71340000629425 0.742699980735779 0.550100028514862 0.557099997997284 0.665499985218048 0.606500029563904 0.643400013446808 0.708999991416931 0.718500018119812 0.621900022029877
0.370200008153915 0.5310999751091 0.424400001764297 0.491899996995926 0.508000016212463 0.494199991226196 0.580200016498566 0.522300004959106 0.53329998254776 0.489699989557266 0.521600008010864 0.631699979305267 0.575299978256226 0.558899998664856 0.736500024795532 0.725399971008301 0.75 0.815400004386902 0.725899994373322 0.736599981784821 0.755699992179871 0.690100014209747 0.608500003814697 0.773500025272369 0.745000004768372 0.794200003147125 0.695299983024597 0.572899997234344 0.562099993228912 0.537299990653992 0.690900027751923 0.704599976539612 0.705900013446808 0.721199989318848 0.757600009441376 0.719900012016296 0.792800009250641 0.692700028419495 0.759800016880035 0.787899971008301 0.613200008869171 0.462199985980988 0.627099990844727
0.420199990272522 0.379799991846085 0.501299977302551 0.405099987983704 0.532299995422363 0.521099984645844 0.598200023174286 0.689599990844727 0.584800004959106 0.644999980926514 0.576600015163422 0.564000010490417 0.587800025939941 0.646799981594086 0.658599972724915 0.557399988174438 0.685100018978119 0.71289998292923 0.717499971389771 0.733500003814697 0.74260002374649 0.64819997549057 0.732999980449677 0.743900001049042 0.767700016498566 0.778800010681152 0.629100024700165 0.638499975204468 0.537000000476837 0.552200019359589 0.59579998254776 0.65719997882843 0.737500011920929 0.751200020313263 0.61080002784729 0.640699982643127 0.790899991989136 0.790799975395203 0.849699974060059 0.548900008201599 0.516200006008148 0.431499987840652 0.405900001525879
0.434700012207031 0.467799991369247 0.478100001811981 0.495799988508224 0.674899995326996 0.663800001144409 0.788100004196167 0.738200008869171 0.763599991798401 0.571900010108948 0.626500010490417 0.677100002765656 0.629299998283386 0.74099999666214 0.563099980354309 0.347600013017654 0.527599990367889 0.550000011920929 0.581099987030029 0.715499997138977 0.78329998254776 0.682500004768372 0.741199970245361 0.659099996089935 0.676999986171722 0.658699989318848 0.625800013542175 0.672399997711182 0.67110002040863 0.630100011825562 0.591600000858307 0.696699976921082 0.682900011539459 0.680000007152557 0.672999978065491 0.713599979877472 0.776600003242493 0.76800000667572 0.806699991226196 0.734099984169006 0.485500007867813 0.409099996089935 0.455000013113022
0.468600004911423 0.400999993085861 0.31360000371933 0.630400002002716 0.789200007915497 0.745199978351593 0.753899991512299 0.763000011444092 0.734899997711182 0.762199997901917 0.623499989509583 0.602699995040894 0.570999979972839 0.671899974346161 0.579500019550323 0.591499984264374 0.603799998760223 0.65719997882843 0.630900025367737 0.637899994850159 0.674399971961975 0.600099980831146 0.622699975967407 0.47350001335144 0.583700001239777 0.558099985122681 0.738900005817413 0.790799975395203 0.786499977111816 0.677799999713898 0.628799974918365 0.663500010967255 0.628799974918365 0.557900011539459 0.688099980354309 0.757200002670288 0.802799999713898 0.789600014686584 0.659200012683868 0.64740002155304 0.611100018024445 0.549199998378754 0.557200014591217
0.442900002002716 0.392300009727478 0.391799986362457 0.582000017166138 0.79610002040863 0.787599980831146 0.564499974250793 0.744899988174438 0.690699994564056 0.74370002746582 0.6942999958992 0.537500023841858 0.584699988365173 0.601999998092651 0.55510002374649 0.562699973583221 0.659600019454956 0.699599981307983 0.740000009536743 0.627600014209747 0.64139997959137 0.586700022220612 0.667400002479553 0.551599979400635 0.592599987983704 0.477699995040894 0.615700006484985 0.7567999958992 0.722599983215332 0.615499973297119 0.684000015258789 0.623099982738495 0.761300027370453 0.691500008106232 0.722100019454956 0.718800008296967 0.662199974060059 0.56879997253418 0.616999983787537 0.664200007915497 0.568499982357025 0.591099977493286 0.520099997520447
0.480599999427795 0.290899991989136 0.351900011301041 0.661899983882904 0.660899996757507 0.696600019931793 0.73309999704361 0.706200003623962 0.755999982357025 0.703100025653839 0.51800000667572 0.625199973583221 0.625500023365021 0.709299981594086 0.637799978256226 0.504100024700165 0.588500022888184 0.72299998998642 0.71069997549057 0.758199989795685 0.632700026035309 0.699400007724762 0.623099982738495 0.697499990463257 0.620700001716614 0.533999979496002 0.551599979400635 0.623300015926361 0.477400004863739 0.653400003910065 0.625599980354309 0.650799989700317 0.677100002765656 0.749100029468536 0.689499974250793 0.62169998884201 0.700600028038025 0.662599980831146 0.719099998474121 0.696900010108948 0.599500000476837 0.509400010108948 0.492700010538101
0.420199990272522 0.33500000834465 0.578800022602081 0.572499990463257 0.692900002002716 0.679300010204315 0.716600000858307 0.619300007820129 0.770099997520447 0.669700026512146 0.530200004577637 0.661899983882904 0.70279997587204 0.72790002822876 0.75789999961853 0.6317999958992 0.621800005435944 0.740899980068207 0.737200021743774 0.734899997711182 0.6492999792099 0.712700009346008 0.578599989414215 0.430400013923645 0.668699979782104 0.490700006484985 0.466399997472763 0.530099987983704 0.554700016975403 0.63129997253418 0.732599973678589 0.656300008296967 0.534699976444244 0.605199992656708 0.648299992084503 0.611199975013733 0.518899977207184 0.687699973583221 0.705799996852875 0.685199975967407 0.588800013065338 0.575699985027313 0.620500028133392
0.639999985694885 0.616699993610382 0.693499982357025 0.746999979019165 0.665899991989136 0.701900005340576 0.711600005626678 0.574100017547607 0.677100002765656 0.629400014877319 0.66509997844696 0.76800000667572 0.796500027179718 0.740299999713898 0.686900019645691 0.62830001115799 0.567399978637695 0.768199980258942 0.689499974250793 0.670199990272522 0.717199981212616 0.693099975585938 0.615199983119965 0.457800000905991 0.575399994850159 0.567300021648407 0.489699989557266 0.535600006580353 0.54040002822876 0.534699976444244 0.453099995851517 0.49669998884201 0.517799973487854 0.639100015163422 0.552100002765656 0.529799997806549 0.574699997901917 0.685100018978119 0.662800014019012 0.675100028514862 0.660300016403198 0.629400014877319 0.709999978542328
0.559599995613098 0.646499991416931 0.715300023555756 0.611500024795532 0.684400022029877 0.634999990463257 0.678900003433228 0.629400014877319 0.548799991607666 0.582599997520447 0.668799996376038 0.738099992275238 0.806699991226196 0.776799976825714 0.713900029659271 0.705600023269653 0.657800018787384 0.708500027656555 0.6807000041008 0.58950001001358 0.63919997215271 0.689300000667572 0.708700001239777 0.496300011873245 0.440699994564056 0.562699973583221 0.538800001144409 0.452399998903275 0.517099976539612 0.32039999961853 0.349200010299683 0.490799993276596 0.587000012397766 0.698400020599365 0.684300005435944 0.615899980068207 0.598999977111816 0.569999992847443 0.680199980735779 0.698899984359741 0.665199995040894 0.660199999809265 0.661700010299683
0.403800010681152 0.478899985551834 0.495099991559982 0.558099985122681 0.460700005292892 0.466600000858307 0.7432000041008 0.695900022983551 0.407900005578995 0.327600002288818 0.611000001430511 0.689000010490417 0.657000005245209 0.733699977397919 0.72350001335144 0.728799998760223 0.654600024223328 0.65200001001358 0.579900026321411 0.602800011634827 0.526000022888184 0.538999974727631 0.640600025653839 0.471799999475479 0.366400003433228 0.40939998626709 0.340400010347366 0.416700005531311 0.298200011253357 0.357800006866455 0.482199996709824 0.513599991798401 0.619599997997284 0.71450001001358 0.641099989414215 0.672900021076202 0.648699998855591 0.629299998283386 0.584200024604797 0.669700026512146 0.718299984931946 0.633099973201752 0.653500020503998
0.655099987983704 0.691100001335144 0.560500025749207 0.609799981117249 0.552200019359589 0.599300026893616 0.688799977302551 0.650200009346008 0.537299990653992 0.324299991130829 0.377999991178513 0.651899993419647 0.611299991607666 0.71969997882843 0.645900011062622 0.566699981689453 0.504899978637695 0.406899988651276 0.579100012779236 0.538299977779388 0.480100005865097 0.528900027275085 0.635599970817566 0.630200028419495 0.646000027656555 0.49099999666214 0.318300008773804 0.41049998998642 0.476700007915497 0.410800009965897 0.472400009632111 0.631099998950958 0.629000008106232 0.7189000248909 0.704699993133545 0.734200000762939 0.677600026130676 0.678699970245361 0.616299986839294 0.620800018310547 0.602100014686584 0.724900007247925 0.658399999141693
0.671899974346161 0.741400003433228 0.572799980640411 0.682900011539459 0.690100014209747 0.713599979877472 0.727299988269806 0.697200000286102 0.681699991226196 0.536499977111816 0.42289999127388 0.398699998855591 0.532899975776672 0.683000028133392 0.633300006389618 0.454100012779236 0.528299987316132 0.549499988555908 0.577499985694885 0.536700010299683 0.754999995231628 0.686800003051758 0.748600006103516 0.70660001039505 0.660600006580353 0.661300003528595 0.642899990081787 0.736899971961975 0.607299983501434 0.544099986553192 0.631600022315979 0.627699971199036 0.692700028419495 0.549300014972687 0.624000012874603 0.651099979877472 0.65719997882843 0.655499994754791 0.583100020885468 0.552600026130676 0.656899988651276 0.685000002384186 0.651199996471405
0.750100016593933 0.764500021934509 0.703100025653839 0.638700008392334 0.631500005722046 0.673900008201599 0.675800025463104 0.630200028419495 0.638000011444092 0.527199983596802 0.41100001335144 0.482800006866455 0.544600009918213 0.571200013160706 0.606000006198883 0.523800015449524 0.563099980354309 0.708999991416931 0.660300016403198 0.626699984073639 0.561600029468536 0.617799997329712 0.591499984264374 0.570100009441376 0.66210001707077 0.637000024318695 0.565100014209747 0.570800006389618 0.633000016212463 0.676999986171722 0.692300021648407 0.587400019168854 0.675400018692017 0.689899981021881 0.601199984550476 0.632499992847443 0.594500005245209 0.667900025844574 0.509999990463257 0.544600009918213 0.633000016212463 0.72460001707077 0.713599979877472
0.778699994087219 0.716099977493286 0.762899994850159 0.729900002479553 0.712599992752075 0.72409999370575 0.683200001716614 0.530700027942657 0.496499985456467 0.565500020980835 0.528199970722198 0.653599977493286 0.637199997901917 0.637000024318695 0.720300018787384 0.699100017547607 0.633899986743927 0.672599971294403 0.697700023651123 0.639500021934509 0.606700003147125 0.673799991607666 0.638100028038025 0.509899973869324 0.461600005626678 0.538500010967255 0.527400016784668 0.553200006484985 0.745800018310547 0.689400017261505 0.691799998283386 0.557699978351593 0.606599986553192 0.677799999713898 0.646399974822998 0.614799976348877 0.67330002784729 0.677699983119965 0.643700003623962 0.550700008869171 0.647800028324127 0.62279999256134 0.708700001239777
0.724900007247925 0.751500010490417 0.65420001745224 0.681699991226196 0.672100007534027 0.681100010871887 0.666800022125244 0.5382000207901 0.345499992370605 0.520600020885468 0.61080002784729 0.683099985122681 0.67110002040863 0.523500025272369 0.403600007295609 0.469399988651276 0.611400008201599 0.689599990844727 0.761600017547607 0.71780002117157 0.658699989318848 0.65719997882843 0.65090000629425 0.606899976730347 0.556500017642975 0.575999975204468 0.460599988698959 0.506900012493134 0.638000011444092 0.669900000095367 0.602500021457672 0.585099995136261 0.668299973011017 0.670499980449677 0.669000029563904 0.649600028991699 0.645900011062622 0.682699978351593 0.647599995136261 0.501800000667572 0.546599984169006 0.588500022888184 0.721300005912781
