pkg/rts/inst/external/r4.asc
NCOLS 43 
NROWS 30 
XLLCORNER 631900.453205175 
YLLCORNER 5714610.68929959 
CELLSIZE 1000 
NODATA_value -3.4e+38 
[rows 0 to 19 of 30, columns 0 to 42 of 43]
0.650099992752075 0.542999982833862 0.416999995708466 0.47299998998642 0.666299998760223 0.671800017356873 0.708299994468689 0.729499995708466 0.702499985694885 0.632000029087067 0.68970000743866 0.553200006484985 0.487500011920929 0.711399972438812 0.708899974822998 0.704599976539612 0.745100021362305 0.696300029754639 0.71069997549057 0.697799980640411 0.703000009059906 0.688799977302551 0.67519998550415 0.569700002670288 0.819400012493134 0.851599991321564 0.767099976539612 0.767700016498566 0.825500011444092 0.806400001049042 0.716799974441528 0.726000010967255 0.745800018310547 0.724799990653992 0.705600023269653 0.607999980449677 0.703700006008148 0.690299987792969 0.725099980831146 0.658999979496002 0.616599977016449 0.699500024318695 0.687300026416779
0.704699993133545 0.751900017261505 0.703000009059906 0.700800001621246 0.644800007343292 0.610300004482269 0.559599995613098 0.652300000190735 0.657500028610229 0.585099995136261 0.556900024414062 0.518999993801117 0.564499974250793 0.630699992179871 0.705900013446808 0.735099971294403 0.703599989414215 0.724300026893616 0.595300018787384 0.657100021839142 0.620100021362305 0.565900027751923 0.731400012969971 0.737500011920929 0.74370002746582 0.720000028610229 0.779299974441528 0.686299979686737 0.698899984359741 0.802999973297119 0.731100022792816 0.663500010967255 0.717700004577637 0.549399971961975 0.548200011253357 0.632300019264221 0.689100027084351 0.491299986839294 0.598800003528595 0.701499998569489 0.630900025367737 0.67960000038147 0.692600011825562
0.674199998378754 0.730700016021729 0.598699986934662 0.725199997425079 0.674499988555908 0.648899972438812 0.65039998292923 0.828000009059906 0.690199971199036 0.75900000333786 0.825699985027313 0.729200005531311 0.741999983787537 0.610599994659424 0.620599985122681 0.620100021362305 0.661300003528595 0.704699993133545 0.633000016212463 0.625999987125397 0.551400005817413 0.609899997711182 0.540899991989136 0.601300001144409 0.562399983406067 0.727999985218048 0.739799976348877 0.701399981975555 0.67519998550415 0.632700026035309 0.627499997615814 0.736500024795532 0.654999971389771 0.639400005340576 0.594799995422363 0.634999990463257 0.632600009441376 0.562799990177155 0.539399981498718 0.66949999332428 0.690699994564056 0.712199985980988 0.686900019645691
0.679300010204315 0.744499981403351 0.63239997625351 0.663699984550476 0.662899971008301 0.65420001745224 0.610000014305115 0.685999989509583 0.72409999370575 0.744199991226196 0.785600006580353 0.753600001335144 0.761600017547607 0.740000009536743 0.783500015735626 0.670700013637543 0.752900004386902 0.662899971008301 0.550800025463104 0.608500003814697 0.65200001001358 0.725899994373322 0.780200004577637 0.682200014591217 0.625 0.736500024795532 0.731500029563904 0.692200005054474 0.732299983501434 0.707499980926514 0.734899997711182 0.674899995326996 0.692399978637695 0.635200023651123 0.584500014781952 0.645399987697601 0.659500002861023 0.65039998292923 0.682299971580505 0.757700026035309 0.631399989128113 0.676900029182434 0.657899975776672
0.564300000667572 0.637099981307983 0.601999998092651 0.637499988079071 0.569599986076355 0.698899984359741 0.688499987125397 0.665499985218048 0.588199973106384 0.683000028133392 0.786499977111816 0.774500012397766 0.676800012588501 0.787000000476837 0.799099981784821 0.777999997138977 0.749000012874603 0.736199975013733 0.845099985599518 0.800400018692017 0.753400027751923 0.741800010204315 0.708100020885468 0.732500016689301 0.71780002117157 0.771700024604797 0.767499983310699 0.661800026893616 0.804099977016449 0.69980001449585 0.735700011253357 0.72979998588562 0.69379997253418 0.773400008678436 0.641600012779236 0.639299988746643 0.694700002670288 0.672599971294403 0.643599987030029 0.622300028800964 0.666700005531311 0.625400006771088 0.576200008392334
0.625 0.616400003433228 0.543900012969971 0.570200026035309 0.623199999332428 0.670700013637543 0.682799994945526 0.639999985694885 0.637799978256226 0.599399983882904 0.680199980735779 0.6942999958992 0.674799978733063 0.677900016307831 0.771000027656555 0.72079998254776 0.754299998283386 0.742799997329712 0.715200006961823 0.744700014591217 0.76910001039505 0.740299999713898 0.619899988174438 0.744499981403351 0.684700012207031 0.754199981689453 0.747600018978119 0.643199980258942 0.671500027179718 0.655099987983704 0.76230001449585 0.702600002288818 0.73470002412796 0.808700025081635 0.810800015926361 0.765399992465973 0.720499992370605 0.651899993419647 0.713500022888184 0.74889999628067 0.629899978637695 0.501600027084351 0.642400026321411
0.586600005626678 0.587000012397766 0.589200019836426 0.560000002384186 0.585099995136261 0.529699981212616 0.6564000248909 0.703599989414215 0.654900014400482 0.731199979782104 0.673500001430511 0.675000011920929 0.683300018310547 0.681299984455109 0.731800019741058 0.70279997587204 0.767000019550323 0.714800000190735 0.720399975776672 0.678399980068207 0.703000009059906 0.688300013542175 0.716499984264374 0.750400006771088 0.72409999370575 0.775600016117096 0.694700002670288 0.675000011920929 0.597400009632111 0.610899984836578 0.705099999904633 0.693099975585938 0.663100004196167 0.713599979877472 0.667400002479553 0.720899999141693 0.718200027942657 0.748099982738495 0.764299988746643 0.722699999809265 0.630599975585938 0.50900000333786 0.498400002717972
0.597100019454956 0.665600001811981 0.619899988174438 0.610300004482269 0.731000006198883 0.728399991989136 0.746599972248077 0.766499996185303 0.793799996376038 0.728100001811981 0.685500025749207 0.693700015544891 0.67220002412796 0.692099988460541 0.603799998760223 0.529299974441528 0.584500014781952 0.595300018787384 0.638199985027313 0.662299990653992 0.724300026893616 0.684700012207031 0.715799987316132 0.72079998254776 0.688300013542175 0.708299994468689 0.652599990367889 0.71399998664856 0.697399973869324 0.693400025367737 0.684599995613098 0.712499976158142 0.63400000333786 0.635500013828278 0.628700017929077 0.647000014781952 0.759999990463257 0.738300025463104 0.734499990940094 0.736000001430511 0.606899976730347 0.5625 0.656899988651276
0.700900018215179 0.598699986934662 0.614700019359589 0.677999973297119 0.776899993419647 0.714600026607513 0.738300025463104 0.751200020313263 0.687699973583221 0.727999985218048 0.686500012874603 0.713599979877472 0.665499985218048 0.683700025081635 0.597500026226044 0.661899983882904 0.679499983787537 0.635900020599365 0.614799976348877 0.680499970912933 0.639699995517731 0.598800003528595 0.636699974536896 0.607900023460388 0.633700013160706 0.654900014400482 0.735199987888336 0.787299990653992 0.766200006008148 0.746800005435944 0.72979998588562 0.739400029182434 0.565299987792969 0.52920001745224 0.635399997234344 0.71670001745224 0.73769998550415 0.71670001745224 0.677100002765656 0.671400010585785 0.710300028324127 0.692799985408783 0.731100022792816
0.650699973106384 0.67220002412796 0.644699990749359 0.742999970912933 0.758599996566772 0.699699997901917 0.71069997549057 0.701799988746643 0.619799971580505 0.706099987030029 0.762499988079071 0.731800019741058 0.705900013446808 0.652499973773956 0.634800016880035 0.70660001039505 0.697700023651123 0.684700012207031 0.720499992370605 0.616900026798248 0.628600001335144 0.63400000333786 0.681299984455109 0.628600001335144 0.654799997806549 0.551500022411346 0.64520001411438 0.757300019264221 0.791299998760223 0.802500009536743 0.773299992084503 0.717199981212616 0.753199994564056 0.69080001115799 0.66729998588562 0.638300001621246 0.656199991703033 0.629499971866608 0.66949999332428 0.695599973201752 0.707599997520447 0.717400014400482 0.656599998474121
0.680400013923645 0.549300014972687 0.617500007152557 0.734099984169006 0.685599982738495 0.715399980545044 0.671199977397919 0.688300013542175 0.711099982261658 0.737999975681305 0.699199974536896 0.676500022411346 0.734899997711182 0.754800021648407 0.731700003147125 0.617900013923645 0.625500023365021 0.706799983978271 0.623700022697449 0.725099980831146 0.633800029754639 0.732599973678589 0.650600016117096 0.695100009441376 0.740599989891052 0.648500025272369 0.677600026130676 0.729200005531311 0.60860002040863 0.6560999751091 0.750800013542175 0.744700014591217 0.723100006580353 0.713599979877472 0.657599985599518 0.684899985790253 0.685100018978119 0.654399991035461 0.669099986553192 0.654900014400482 0.655799984931946 0.642799973487854 0.590399980545044
0.604300022125244 0.490599989891052 0.617200016975403 0.621599972248077 0.736599981784821 0.720899999141693 0.768100023269653 0.706099987030029 0.713699996471405 0.680999994277954 0.656000018119812 0.666299998760223 0.746900022029877 0.711399972438812 0.741900026798248 0.667500019073486 0.631099998950958 0.690599977970123 0.65939998626709 0.692200005054474 0.697300016880035 0.689599990844727 0.600399971008301 0.577300012111664 0.705200016498566 0.58050000667572 0.534099996089935 0.595600008964539 0.645399987697601 0.694700002670288 0.76910001039505 0.726700007915497 0.646899998188019 0.724300026893616 0.757600009441376 0.749300003051758 0.595300018787384 0.633599996566772 0.639100015163422 0.663699984550476 0.639900028705597 0.698300004005432 0.7185999751091
0.659699976444244 0.606599986553192 0.640799999237061 0.698400020599365 0.717000007629395 0.741199970245361 0.82150000333786 0.579900026321411 0.694199979305267 0.69379997253418 0.736899971961975 0.740400016307831 0.741100013256073 0.686500012874603 0.744199991226196 0.741500020027161 0.699699997901917 0.768599987030029 0.728999972343445 0.744099974632263 0.727800011634827 0.686800003051758 0.564999997615814 0.550400018692017 0.634700000286102 0.684899985790253 0.588900029659271 0.682099997997284 0.702300012111664 0.712300002574921 0.683000028133392 0.638999998569489 0.674700021743774 0.750500023365021 0.660899996757507 0.677999973297119 0.487100005149841 0.608799993991852 0.619199991226196 0.696900010108948 0.69650000333786 0.681100010871887 0.723800003528595
0.571600019931793 0.576399981975555 0.579299986362457 0.565900027751923 0.675800025463104 0.728900015354156 0.726100027561188 0.671000003814697 0.718400001525879 0.72299998998642 0.791299998760223 0.817900002002716 0.73470002412796 0.722299993038177 0.827400028705597 0.808300018310547 0.719399988651276 0.715499997138977 0.719500005245209 0.714399993419647 0.683899998664856 0.679499983787537 0.707000017166138 0.666499972343445 0.583000004291534 0.617299973964691 0.720000028610229 0.599799990653992 0.676699995994568 0.534200012683868 0.534799993038177 0.655099987983704 0.678099989891052 0.784099996089935 0.68970000743866 0.711399972438812 0.628899991512299 0.596000015735626 0.598399996757507 0.600499987602234 0.648999989032745 0.635900020599365 0.671800017356873
0.54449999332428 0.54610002040863 0.526000022888184 0.679099977016449 0.694700002670288 0.665199995040894 0.755100011825562 0.784500002861023 0.550400018692017 0.442299991846085 0.633499979972839 0.736199975013733 0.642000019550323 0.671599984169006 0.766799986362457 0.758599996566772 0.718500018119812 0.710900008678436 0.616599977016449 0.649999976158142 0.553300023078918 0.583000004291534 0.72790002822876 0.606199979782104 0.49329999089241 0.501699984073639 0.428000003099442 0.481299996376038 0.570599973201752 0.588299989700317 0.651899993419647 0.648100018501282 0.733799993991852 0.685000002384186 0.71450001001358 0.76010000705719 0.754599988460541 0.659099996089935 0.571799993515015 0.630400002002716 0.5557000041008 0.567399978637695 0.682799994945526
0.683200001716614 0.728500008583069 0.664799988269806 0.702000021934509 0.633599996566772 0.614099979400635 0.785000026226044 0.754100024700165 0.588100016117096 0.432300001382828 0.464300006628036 0.726999998092651 0.698400020599365 0.675800025463104 0.653999984264374 0.629499971866608 0.592899978160858 0.484600007534027 0.656700015068054 0.613600015640259 0.565999984741211 0.607200026512146 0.672599971294403 0.816399991512299 0.78439998626709 0.595300018787384 0.443899989128113 0.516700029373169 0.606100022792816 0.519999980926514 0.65939998626709 0.67849999666214 0.66049998998642 0.688399970531464 0.670400023460388 0.707499980926514 0.749499976634979 0.691600024700165 0.646099984645844 0.669300019741058 0.639500021934509 0.64190000295639 0.623600006103516
0.697799980640411 0.735700011253357 0.660099983215332 0.770900011062622 0.782899975776672 0.830299973487854 0.78710001707077 0.780099987983704 0.773899972438812 0.627399981021881 0.566699981689453 0.522599995136261 0.629000008106232 0.670499980449677 0.700299978256226 0.567700028419495 0.636300027370453 0.674499988555908 0.683099985122681 0.68529999256134 0.718200027942657 0.68970000743866 0.663100004196167 0.751900017261505 0.690999984741211 0.660899996757507 0.757799983024597 0.843500018119812 0.723399996757507 0.611299991607666 0.674199998378754 0.695999979972839 0.723800003528595 0.602400004863739 0.659500002861023 0.686800003051758 0.672299981117249 0.677699983119965 0.635699987411499 0.628099977970123 0.69870001077652 0.721000015735626 0.692600011825562
0.692099988460541 0.6875 0.707300007343292 0.701399981975555 0.670099973678589 0.746599972248077 0.7742999792099 0.746200025081635 0.667800009250641 0.576399981975555 0.52810001373291 0.61710000038147 0.667900025844574 0.751900017261505 0.671500027179718 0.575200021266937 0.664099991321564 0.657899975776672 0.663299977779388 0.655499994754791 0.670000016689301 0.681100010871887 0.624100029468536 0.554099977016449 0.630299985408783 0.645799994468689 0.728799998760223 0.756200015544891 0.771200001239777 0.791599988937378 0.579999983310699 0.643299996852875 0.722400009632111 0.759899973869324 0.683399975299835 0.679099977016449 0.654299974441528 0.697899997234344 0.694599986076355 0.719900012016296 0.703199982643127 0.723900020122528 0.742200016975403
0.730799973011017 0.740199983119965 0.746599972248077 0.719399988651276 0.722699999809265 0.753700017929077 0.754199981689453 0.636799991130829 0.628899991512299 0.661400020122528 0.668500006198883 0.739199995994568 0.815100014209747 0.842100024223328 0.753600001335144 0.747500002384186 0.677600026130676 0.718200027942657 0.66949999332428 0.666000008583069 0.660099983215332 0.696900010108948 0.702400028705597 0.623700022697449 0.668699979782104 0.819700002670288 0.726000010967255 0.723599970340729 0.758199989795685 0.678699970245361 0.704299986362457 0.602999985218048 0.672299981117249 0.730199992656708 0.711199998855591 0.661300003528595 0.70880001783371 0.690199971199036 0.653199970722198 0.656899988651276 0.590900003910065 0.588500022888184 0.615000009536743
0.630400002002716 0.721400022506714 0.771200001239777 0.722199976444244 0.671500027179718 0.71289998292923 0.74260002374649 0.62610000371933 0.489100009202957 0.621299982070923 0.696900010108948 0.729200005531311 0.777100026607513 0.601400017738342 0.475899994373322 0.540199995040894 0.712599992752075 0.738399982452393 0.77700001001358 0.760299980640411 0.760699987411499 0.771600008010864 0.745000004768372 0.774500012397766 0.745700001716614 0.781300008296967 0.647800028324127 0.661499977111816 0.793699979782104 0.686100006103516 0.671999990940094 0.614099979400635 0.720600008964539 0.635599970817566 0.626699984073639 0.612900018692017 0.705600023269653 0.722500026226044 0.638700008392334 0.597000002861023 0.59909999370575 0.614199995994568 0.718200027942657
