inst/external/r1.asc
NCOLS 43 
NROWS 30 
XLLCORNER 631900.453205175 
YLLCORNER 5714610.68929959 
CELLSIZE 1000 
NODATA_value -3.4e+38 
[rows 0 to 19 of 30, columns 0 to 42 of 43]
0.263999998569489 0.195299997925758 0.129999995231628 0.236399993300438 0.47189998626709 0.485000014305115 0.622900009155273 0.547800004482269 0.490099996328354 0.679499983787537 0.690699994564056 0.36719998717308 0.175600007176399 0.520799994468689 0.66430002450943 0.679000020027161 0.637600004673004 0.592999994754791 0.636099994182587 0.620100021362305 0.640200018882751 0.562099993228912 0.565500020980835 0.404300004243851 0.473600000143051 0.495799988508224 0.500899970531464 0.585200011730194 0.465400010347366 0.546000003814697 0.651000022888184 0.342799991369247 0.524900019168854 0.563799977302551 0.364600002765656 0.384799987077713 0.63919997215271 0.673900008201599 0.663999974727631 0.578000009059906 0.579800009727478 0.598299980163574 0.544900000095367
0.553699970245361 0.539099991321564 0.392800003290176 0.339300006628036 0.144199997186661 0.205300003290176 0.20610000193119 0.366699993610382 0.207399994134903 0.30469998717308 0.156100004911423 0.353500008583069 0.428700000047684 0.429899990558624 0.549199998378754 0.560400009155273 0.54559999704361 0.442600011825562 0.185599997639656 0.463600009679794 0.540799975395203 0.459600001573563 0.453000009059906 0.174899995326996 0.0838000029325485 0.550499975681305 0.573499977588654 0.552200019359589 0.547900021076202 0.584200024604797 0.510999977588654 0.203500002622604 0.620199978351593 0.0520000010728836 0.360700011253357 0.540899991989136 0.549099981784821 0.324200004339218 0.44980001449585 0.699999988079071 0.603399991989136 0.646000027656555 0.600300014019012
0.500299990177155 0.608799993991852 0.52240002155304 0.697000026702881 0.567399978637695 0.502600014209747 0.4966000020504 0.548600018024445 0.362100005149841 0.455300003290176 0.584999978542328 0.680199980735779 0.649900019168854 0.471300005912781 0.233999997377396 0.25110000371933 0.286799997091293 0.334699988365173 0.358399987220764 0.179100006818771 0.168400004506111 -0.0262000001966953 0.182199999690056 0.485100001096725 0.448599994182587 0.652599990367889 0.621999979019165 0.627099990844727 0.524600028991699 0.137500002980232 -0.023199999704957 0.379799991846085 0.326299995183945 0.445600003004074 0.563199996948242 0.626299977302551 0.561600029468536 0.459300011396408 0.383799999952316 0.707599997520447 0.768299996852875 0.71340000629425 0.715499997138977
0.521499991416931 0.667999982833862 0.561299979686737 0.655499994754791 0.610499978065491 0.582300007343292 0.501600027084351 0.554400026798248 0.549499988555908 0.603900015354156 0.573800027370453 0.698099970817566 0.700500011444092 0.617200016975403 0.687600016593933 0.654100000858307 0.739700019359589 0.687699973583221 0.605499982833862 0.433800011873245 0.384200006723404 0.731000006198883 0.719399988651276 0.608399987220764 0.512399971485138 0.71340000629425 0.697300016880035 0.592299997806549 0.616999983787537 0.610499978065491 0.654999971389771 0.443599998950958 0.501999974250793 0.507200002670288 0.582199990749359 0.492500007152557 0.537999987602234 0.568599998950958 0.625699996948242 0.689000010490417 0.705399990081787 0.643400013446808 0.656300008296967
0.380299985408783 0.555299997329712 0.429300010204315 0.510599970817566 0.473100006580353 0.602199971675873 0.70959997177124 0.574400007724762 0.475400000810623 0.447400003671646 0.642199993133545 0.742999970912933 0.661899983882904 0.637499988079071 0.689800024032593 0.722199976444244 0.705200016498566 0.695200026035309 0.686900019645691 0.750999987125397 0.777599990367889 0.737299978733063 0.652100026607513 0.689400017261505 0.781700015068054 0.746900022029877 0.680199980735779 0.569100022315979 0.669000029563904 0.645799994468689 0.704299986362457 0.642400026321411 0.603900015354156 0.674399971961975 0.720000028610229 0.540300011634827 0.54119998216629 0.667400002479553 0.612100005149841 0.586199998855591 0.693199992179871 0.707499980926514 0.589299976825714
0.367700010538101 0.535899996757507 0.419400006532669 0.491899996995926 0.464700013399124 0.453599989414215 0.556699991226196 0.522300004959106 0.51910001039505 0.483999997377396 0.472299993038177 0.591600000858307 0.48429998755455 0.489300012588501 0.702400028705597 0.709299981594086 0.720099985599518 0.786300003528595 0.702499985694885 0.699299991130829 0.725099980831146 0.672800004482269 0.597500026226044 0.758300006389618 0.717599987983704 0.763700008392334 0.678399980068207 0.550000011920929 0.526099979877472 0.537299990653992 0.647700011730194 0.650699973106384 0.673200011253357 0.673900008201599 0.734600007534027 0.720399975776672 0.75110000371933 0.686600029468536 0.727299988269806 0.758300006389618 0.591799974441528 0.44879999756813 0.607900023460388
0.426499992609024 0.400099992752075 0.518800020217896 0.392899990081787 0.505699992179871 0.521099984645844 0.585600018501282 0.667699992656708 0.544300019741058 0.61080002784729 0.576799988746643 0.541499972343445 0.533599972724915 0.623300015926361 0.60369998216629 0.47409999370575 0.635999977588654 0.699599981307983 0.712800025939941 0.725799977779388 0.720899999141693 0.627399981021881 0.736000001430511 0.714900016784668 0.7189000248909 0.74669998884201 0.611500024795532 0.616400003433228 0.511099994182587 0.492700010538101 0.536400020122528 0.607900023460388 0.729900002479553 0.729700028896332 0.600799977779388 0.590799987316132 0.769200026988983 0.76690000295639 0.779999971389771 0.595200002193451 0.492000013589859 0.417600005865097 0.402200013399124
0.424899995326996 0.452399998903275 0.477600008249283 0.488000005483627 0.65530002117157 0.615100026130676 0.735400021076202 0.682600021362305 0.707799971103668 0.539799988269806 0.607299983501434 0.660199999809265 0.621599972248077 0.714399993419647 0.545099973678589 0.251800000667572 0.494700014591217 0.53219997882843 0.510999977588654 0.684800028800964 0.743300020694733 0.685899972915649 0.737500011920929 0.662000000476837 0.66949999332428 0.649100005626678 0.624800026416779 0.648999989032745 0.630699992179871 0.598699986934662 0.436899989843369 0.638000011444092 0.671999990940094 0.653999984264374 0.657299995422363 0.665000021457672 0.742200016975403 0.751200020313263 0.74889999628067 0.70959997177124 0.466600000858307 0.417100012302399 0.497000008821487
0.473100006580353 0.370599985122681 0.277599990367889 0.617200016975403 0.773100018501282 0.714699983596802 0.732200026512146 0.73309999704361 0.712599992752075 0.734499990940094 0.59799998998642 0.565900027751923 0.583199977874756 0.661800026893616 0.559099972248077 0.515999972820282 0.562099993228912 0.648699998855591 0.587300002574921 0.621200025081635 0.652800023555756 0.583500027656555 0.632000029087067 0.474700003862381 0.570100009441376 0.549000024795532 0.712999999523163 0.735400021076202 0.725899994373322 0.627699971199036 0.499199986457825 0.616299986839294 0.596700012683868 0.53549998998642 0.644999980926514 0.738600015640259 0.781300008296967 0.76910001039505 0.640200018882751 0.626299977302551 0.583899974822998 0.543200016021729 0.579100012779236
0.42620000243187 0.365000009536743 0.372299998998642 0.573199987411499 0.760500013828278 0.741900026798248 0.539900004863739 0.719600021839142 0.690699994564056 0.702300012111664 0.655799984931946 0.500100016593933 0.553600013256073 0.598200023174286 0.539099991321564 0.55019998550415 0.644900023937225 0.672599971294403 0.689599990844727 0.609799981117249 0.591000020503998 0.539399981498718 0.652199983596802 0.529299974441528 0.584200024604797 0.455300003290176 0.603799998760223 0.7117999792099 0.651600003242493 0.555899977684021 0.63730001449585 0.598100006580353 0.742699980735779 0.652700006961823 0.688300013542175 0.692600011825562 0.653599977493286 0.552200019359589 0.578599989414215 0.665000021457672 0.559099972248077 0.570900022983551 0.518299996852875
0.458799988031387 0.276899993419647 0.351900011301041 0.660700023174286 0.643299996852875 0.696300029754639 0.689999997615814 0.688099980354309 0.72409999370575 0.672800004482269 0.503700017929077 0.598999977111816 0.602800011634827 0.660899996757507 0.570900022983551 0.467700004577637 0.509199976921082 0.687600016593933 0.694400012493134 0.719399988651276 0.575500011444092 0.651899993419647 0.617699980735779 0.648000001907349 0.52240002155304 0.473199993371964 0.428099989891052 0.543900012969971 0.457800000905991 0.617200016975403 0.599399983882904 0.605400025844574 0.664900004863739 0.721599996089935 0.672299981117249 0.603500008583069 0.681800007820129 0.652599990367889 0.700200021266937 0.689499974250793 0.582400023937225 0.500400006771088 0.488200008869171
0.387199997901917 0.330900013446808 0.578800022602081 0.539799988269806 0.661499977111816 0.656300008296967 0.673099994659424 0.600499987602234 0.747200012207031 0.647800028324127 0.518199980258942 0.654399991035461 0.630999982357025 0.695999979972839 0.720099985599518 0.586600005626678 0.635999977588654 0.753799974918365 0.717100024223328 0.710600018501282 0.62830001115799 0.702600002288818 0.588199973106384 0.391400009393692 0.641799986362457 0.442999988794327 0.436899989843369 0.5067999958992 0.514400005340576 0.59060001373291 0.706700026988983 0.619700014591217 0.531799972057343 0.603500008583069 0.677600026130676 0.621999979019165 0.502300024032593 0.668200016021729 0.701300024986267 0.671999990940094 0.569700002670288 0.566799998283386 0.599799990653992
0.562799990177155 0.576300024986267 0.659699976444244 0.667900025844574 0.593800008296967 0.648899972438812 0.670499980449677 0.574100017547607 0.663999974727631 0.620299994945526 0.626200020313263 0.713500022888184 0.769999980926514 0.727299988269806 0.672699987888336 0.58840000629425 0.558499991893768 0.752600014209747 0.664699971675873 0.63919997215271 0.713699996471405 0.677900016307831 0.575100004673004 0.430400013923645 0.550300002098083 0.532599985599518 0.466600000858307 0.506200015544891 0.516600012779236 0.52020001411438 0.560599982738495 0.492500007152557 0.509700000286102 0.639699995517731 0.529900014400482 0.533900022506714 0.575999975204468 0.690999984741211 0.645600020885468 0.670700013637543 0.642400026321411 0.636799991130829 0.703100025653839
0.558700025081635 0.646499991416931 0.715300023555756 0.611500024795532 0.684400022029877 0.600099980831146 0.560000002384186 0.555499970912933 0.49770000576973 0.523599982261658 0.597000002861023 0.705600023269653 0.772599995136261 0.739499986171722 0.688799977302551 0.694100022315979 0.635800004005432 0.691299974918365 0.659799993038177 0.584999978542328 0.60970002412796 0.674399971961975 0.66839998960495 0.497000008821487 0.398299992084503 0.530499994754791 0.489399999380112 0.421200007200241 0.501299977302551 0.368699997663498 0.382099986076355 0.484699994325638 0.575900018215179 0.689400017261505 0.705099999904633 0.615100026130676 0.591099977493286 0.547699987888336 0.685000002384186 0.703599989414215 0.661800026893616 0.666499972343445 0.669000029563904
0.355100005865097 0.457300007343292 0.435400009155273 0.558099985122681 0.4408999979496 0.475499987602234 0.736899971961975 0.699999988079071 0.398299992084503 0.314900010824203 0.576300024986267 0.668600022792816 0.627499997615814 0.713800013065338 0.713500022888184 0.707000017166138 0.6560999751091 0.651099979877472 0.579900026321411 0.583199977874756 0.526000022888184 0.53439998626709 0.591799974441528 0.462700009346008 0.339899986982346 0.384600013494492 0.321999996900558 0.34799998998642 0.387899994850159 0.438400000333786 0.471300005912781 0.512099981307983 0.620199978351593 0.70959997177124 0.665700018405914 0.676599979400635 0.625800013542175 0.62610000371933 0.60809999704361 0.703599989414215 0.727100014686584 0.634800016880035 0.658100008964539
0.655099987983704 0.671500027179718 0.527999997138977 0.60259997844696 0.544200003147125 0.607500016689301 0.665300011634827 0.62610000371933 0.549300014972687 0.287499994039536 0.355399996042252 0.623600006103516 0.599799990653992 0.688899993896484 0.637899994850159 0.558099985122681 0.476599991321564 0.390799999237061 0.550899982452393 0.537899971008301 0.477699995040894 0.524999976158142 0.594600021839142 0.59579998254776 0.610599994659424 0.476300001144409 0.306499987840652 0.383300006389618 0.456099987030029 0.387199997901917 0.445199996232986 0.608900010585785 0.626600027084351 0.730799973011017 0.730300009250641 0.731500029563904 0.676900029182434 0.713100016117096 0.641799986362457 0.648999989032745 0.58380001783371 0.714800000190735 0.663500010967255
0.668500006198883 0.696200013160706 0.565400004386902 0.665499985218048 0.683000028133392 0.684899985790253 0.700500011444092 0.680199980735779 0.650200009346008 0.514299988746643 0.418300002813339 0.372000008821487 0.516099989414215 0.670300006866455 0.622900009155273 0.461600005626678 0.532100021839142 0.541299998760223 0.57039999961853 0.52539998292923 0.731899976730347 0.696399986743927 0.728500008583069 0.675899982452393 0.630299985408783 0.650099992752075 0.605799973011017 0.683200001716614 0.576300024986267 0.526799976825714 0.651000022888184 0.606800019741058 0.692600011825562 0.542400002479553 0.614000022411346 0.652499973773956 0.679700016975403 0.670099973678589 0.606299996376038 0.555899977684021 0.653500020503998 0.666599988937378 0.628099977970123
0.749199986457825 0.764500021934509 0.693000018596649 0.619300007820129 0.594399988651276 0.652899980545044 0.642599999904633 0.619300007820129 0.617299973964691 0.505100011825562 0.396299988031387 0.477999985218048 0.54119998216629 0.588699996471405 0.602100014686584 0.521600008010864 0.557399988174438 0.697499990463257 0.699400007724762 0.626299977302551 0.573199987411499 0.605700016021729 0.578400015830994 0.578199982643127 0.645699977874756 0.625800013542175 0.538999974727631 0.530200004577637 0.587000012397766 0.636500000953674 0.655799984931946 0.59170001745224 0.659900009632111 0.662699997425079 0.561600029468536 0.641200006008148 0.607100009918213 0.726000010967255 0.694700002670288 0.671500027179718 0.688300013542175 0.711899995803833 0.698800027370453
0.775200009346008 0.693400025367737 0.748199999332428 0.727500021457672 0.689100027084351 0.718800008296967 0.675400018692017 0.525200009346008 0.496899992227554 0.563799977302551 0.506699979305267 0.659500002861023 0.634299993515015 0.620800018310547 0.703599989414215 0.699100017547607 0.646399974822998 0.659200012683868 0.682799994945526 0.665600001811981 0.614700019359589 0.662899971008301 0.615100026130676 0.511399984359741 0.475300014019012 0.553900003433228 0.530099987983704 0.534900009632111 0.707599997520447 0.679300010204315 0.680499970912933 0.550400018692017 0.58789998292923 0.663600027561188 0.644999980926514 0.62610000371933 0.681500017642975 0.690500020980835 0.72460001707077 0.552999973297119 0.629000008106232 0.610599994659424 0.713100016117096
0.744099974632263 0.753000020980835 0.652700006961823 0.658599972724915 0.654600024223328 0.658800005912781 0.664099991321564 0.529299974441528 0.347799986600876 0.520600020885468 0.592899978160858 0.67330002784729 0.657700002193451 0.513199985027313 0.421700000762939 0.473800003528595 0.613600015640259 0.71069997549057 0.761600017547607 0.71780002117157 0.664699971675873 0.653199970722198 0.650699973106384 0.606899976730347 0.555299997329712 0.586600005626678 0.469599992036819 0.504999995231628 0.637899994850159 0.650499999523163 0.622399985790253 0.599200010299683 0.641099989414215 0.676800012588501 0.665000021457672 0.642899990081787 0.626800000667572 0.680000007152557 0.661499977111816 0.485100001096725 0.521899998188019 0.591499984264374 0.716300010681152
