inst/external/r3.asc
NCOLS 43 
NROWS 30 
XLLCORNER 631900.453205175 
YLLCORNER 5714610.68929959 
CELLSIZE 1000 
NODATA_value -3.4e+38 
[rows 0 to 19 of 30, columns 0 to 42 of 43]
0.510399997234344 0.414499998092651 0.300700008869171 0.36710000038147 0.619700014591217 0.567600011825562 0.700399994850159 0.63129997253418 0.592999994754791 0.703800022602081 0.746999979019165 0.490599989891052 0.400400012731552 0.623499989509583 0.723200023174286 0.715499997138977 0.706099987030029 0.661300003528595 0.681599974632263 0.689400017261505 0.708400011062622 0.592299997806549 0.619199991226196 0.488200008869171 0.707799971103668 0.751299977302551 0.65090000629425 0.717599987983704 0.759500026702881 0.749400019645691 0.681999981403351 0.648100018501282 0.716899991035461 0.701399981975555 0.584299981594086 0.482100009918213 0.690199971199036 0.711199998855591 0.735899984836578 0.648999989032745 0.633099973201752 0.664900004863739 0.664900004863739
0.591300010681152 0.661800026893616 0.573400020599365 0.632499992847443 0.478899985551834 0.515600025653839 0.631399989128113 0.539399981498718 0.640600025653839 0.463899999856949 0.440299987792969 0.458799988031387 0.497599989175797 0.573099970817566 0.655799984931946 0.626999974250793 0.606199979782104 0.629800021648407 0.600099980831146 0.484400004148483 0.584800004959106 0.483300000429153 0.638300001621246 0.575299978256226 0.614499986171722 0.64819997549057 0.72350001335144 0.639500021934509 0.578700006008148 0.756399989128113 0.681299984455109 0.561999976634979 0.728200018405914 0.418300002813339 0.493099987506866 0.594099998474121 0.665700018405914 0.42849999666214 0.546500027179718 0.73470002412796 0.635999977588654 0.667999982833862 0.679499983787537
0.573800027370453 0.684700012207031 0.549099981784821 0.771399974822998 0.61710000038147 0.553600013256073 0.548900008201599 0.767000019550323 0.533900022506714 0.641700029373169 0.756099998950958 0.772800028324127 0.736899971961975 0.521700024604797 0.477200001478195 0.519900023937225 0.558099985122681 0.556800007820129 0.528500020503998 0.629299998283386 0.426499992609024 0.46399998664856 0.41389998793602 0.551400005817413 0.510900020599365 0.730499982833862 0.706200003623962 0.664399981498718 0.613099992275238 0.520799994468689 0.495000004768372 0.649200022220612 0.582099974155426 0.606599986553192 0.633400022983551 0.6807000041008 0.612999975681305 0.49099999666214 0.466699987649918 0.736400008201599 0.792100012302399 0.751200020313263 0.727400004863739
0.592599987983704 0.734300017356873 0.56580001115799 0.644699990749359 0.608500003814697 0.614799976348877 0.543900012969971 0.625800013542175 0.63289999961853 0.661499977111816 0.707300007343292 0.784200012683868 0.802200019359589 0.67059999704361 0.758800029754639 0.681299984455109 0.816500008106232 0.731800019741058 0.58840000629425 0.541000008583069 0.551199972629547 0.813199996948242 0.814499974250793 0.665899991989136 0.580399990081787 0.741199970245361 0.751200020313263 0.632000029087067 0.726300001144409 0.69980001449585 0.754499971866608 0.59579998254776 0.634500026702881 0.579100012779236 0.612399995326996 0.58789998292923 0.596099972724915 0.606000006198883 0.683600008487701 0.747600018978119 0.681800007820129 0.65039998292923 0.640500009059906
0.437400013208389 0.580900013446808 0.467299997806549 0.546999990940094 0.463699996471405 0.658200025558472 0.781300008296967 0.610000014305115 0.50789999961853 0.513100028038025 0.752799987792969 0.796599984169006 0.698199987411499 0.743600010871887 0.787000000476837 0.811500012874603 0.791100025177002 0.753099977970123 0.822399973869324 0.830799996852875 0.831200003623962 0.809599995613098 0.689400017261505 0.732100009918213 0.818599998950958 0.814000010490417 0.736999988555908 0.605400025844574 0.789200007915497 0.696699976921082 0.768999993801117 0.72189998626709 0.669000029563904 0.773800015449524 0.730700016021729 0.566699981689453 0.609200000762939 0.665499985218048 0.609899997711182 0.657000005245209 0.726599991321564 0.724799990653992 0.626299977302551
0.406300008296967 0.539099991321564 0.424499988555908 0.511399984359741 0.558700025081635 0.539699971675873 0.5935999751091 0.516499996185303 0.580399990081787 0.486900001764297 0.567700028419495 0.66729998588562 0.642099976539612 0.585900008678436 0.77209997177124 0.762000024318695 0.779999971389771 0.84799998998642 0.761500000953674 0.75629997253418 0.794799983501434 0.730700016021729 0.566500008106232 0.797500014305115 0.76690000295639 0.828400015830994 0.726999998092651 0.589900016784668 0.588299989700317 0.575999975204468 0.747300028800964 0.712800025939941 0.720300018787384 0.784300029277802 0.808899998664856 0.764500021934509 0.801199972629547 0.69080001115799 0.771799981594086 0.807500004768372 0.647000014781952 0.480199992656708 0.626800000667572
0.425700008869171 0.411100000143051 0.464800000190735 0.442200005054474 0.566600024700165 0.510200023651123 0.607299983501434 0.696600019931793 0.623099982738495 0.663100004196167 0.603500008583069 0.634400010108948 0.607200026512146 0.652100026607513 0.714600026607513 0.642000019550323 0.751900017261505 0.740899980068207 0.74779999256134 0.743399977684021 0.764900028705597 0.685999989509583 0.742699980735779 0.77020001411438 0.775799989700317 0.819700002670288 0.655600011348724 0.657000005245209 0.553399980068207 0.542800009250641 0.646200001239777 0.663100004196167 0.727100014686584 0.758099973201752 0.620599985122681 0.676699995994568 0.796599984169006 0.822099983692169 0.832400023937225 0.678099989891052 0.564000010490417 0.4442999958992 0.425999999046326
0.470899999141693 0.469199985265732 0.500400006771088 0.549499988555908 0.71670001745224 0.712300002574921 0.836300015449524 0.779900014400482 0.800899982452393 0.577600002288818 0.65939998626709 0.678699970245361 0.653400003910065 0.731700003147125 0.581900000572205 0.419400006532669 0.540700018405914 0.58490002155304 0.615800023078918 0.736400008201599 0.819199979305267 0.720300018787384 0.768299996852875 0.690699994564056 0.686500012874603 0.692799985408783 0.65829998254776 0.720899999141693 0.687799990177155 0.648500025272369 0.62279999256134 0.742500007152557 0.691600024700165 0.702000021934509 0.656700015068054 0.721400022506714 0.813899993896484 0.794300019741058 0.786199986934662 0.754000008106232 0.519599974155426 0.474799990653992 0.573800027370453
0.536499977111816 0.399399995803833 0.30579999089241 0.647199988365173 0.820599973201752 0.7432000041008 0.810000002384186 0.817499995231628 0.748499989509583 0.785300016403198 0.665600001811981 0.631900012493134 0.632200002670288 0.685899972915649 0.58899998664856 0.612900018692017 0.637700021266937 0.660899996757507 0.631900012493134 0.689499974250793 0.681400001049042 0.601599991321564 0.621900022029877 0.509599983692169 0.60369998216629 0.597199976444244 0.771600008010864 0.819800019264221 0.800100028514862 0.746299982070923 0.703999996185303 0.697300016880035 0.64410001039505 0.566100001335144 0.705699980258942 0.776899993419647 0.805899977684021 0.780399978160858 0.676800012588501 0.658500015735626 0.646499991416931 0.595499992370605 0.637199997901917
0.438100010156631 0.452399998903275 0.427199989557266 0.647599995136261 0.818499982357025 0.77130001783371 0.569599986076355 0.761799991130829 0.71399998664856 0.780200004577637 0.731400012969971 0.605400025844574 0.621900022029877 0.628199994564056 0.575299978256226 0.601999998092651 0.679300010204315 0.740199983119965 0.799799978733063 0.655099987983704 0.671599984169006 0.629999995231628 0.70279997587204 0.565299987792969 0.621299982070923 0.52020001411438 0.633700013160706 0.7742999792099 0.767799973487854 0.712800025939941 0.713900029659271 0.665600001811981 0.794900000095367 0.704800009727478 0.726199984550476 0.709999978542328 0.6632000207901 0.582099974155426 0.642599999904633 0.704999983310699 0.614199995994568 0.640999972820282 0.567099988460541
0.515399992465973 0.328999996185303 0.398799985647202 0.689599990844727 0.686800003051758 0.720700025558472 0.745000004768372 0.726400017738342 0.77539998292923 0.745599985122681 0.5625 0.606100022792816 0.669700026512146 0.738300025463104 0.714999973773956 0.569000005722046 0.628099977970123 0.731700003147125 0.731800019741058 0.793099999427795 0.668500006198883 0.750500023365021 0.637399971485138 0.705200016498566 0.707499980926514 0.566500008106232 0.613399982452393 0.674600005149841 0.530399978160858 0.670300006866455 0.692700028419495 0.708400011062622 0.708199977874756 0.754000008106232 0.694999992847443 0.658599972724915 0.709200024604797 0.680999994277954 0.721800029277802 0.703199982643127 0.637399971485138 0.552699983119965 0.513700008392334
0.400200009346008 0.338800013065338 0.538699984550476 0.573300004005432 0.702400028705597 0.707300007343292 0.762799978256226 0.640399992465973 0.800400018692017 0.649100005626678 0.541299998760223 0.691100001335144 0.778999984264374 0.749700009822845 0.780799984931946 0.66210001707077 0.627399981021881 0.735899984836578 0.740400016307831 0.762199997901917 0.705099999904633 0.753899991512299 0.564199984073639 0.475499987602234 0.714299976825714 0.501800000667572 0.489699989557266 0.551900029182434 0.606000006198883 0.648299992084503 0.766700029373169 0.695900022983551 0.583899974822998 0.640200018882751 0.680999994277954 0.669600009918213 0.518700003623962 0.674399971961975 0.679400026798248 0.679099977016449 0.567600011825562 0.599500000476837 0.660700023174286
0.636900007724762 0.608399987220764 0.682699978351593 0.767099976539612 0.716000020503998 0.75 0.768400013446808 0.547399997711182 0.689300000667572 0.626200020313263 0.685500025749207 0.812200009822845 0.799300014972687 0.744599997997284 0.750899970531464 0.700100004673004 0.582199990749359 0.792999982833862 0.715499997138977 0.735400021076202 0.731500029563904 0.707300007343292 0.580900013446808 0.483399987220764 0.623600006103516 0.622200012207031 0.524999976158142 0.589900016784668 0.610000014305115 0.612800002098083 0.629999995231628 0.560199975967407 0.561800003051758 0.679799973964691 0.56580001115799 0.566100001335144 0.530099987983704 0.678399980068207 0.641300022602081 0.693499982357025 0.681800007820129 0.637000024318695 0.737200021743774
0.547999978065491 0.617699980735779 0.670199990272522 0.546000003814697 0.678600013256073 0.639100015163422 0.720899999141693 0.665199995040894 0.604300022125244 0.663800001144409 0.749499976634979 0.791800022125244 0.818700015544891 0.809499979019165 0.771200001239777 0.767300009727478 0.679799973964691 0.715399980545044 0.67849999666214 0.648999989032745 0.653599977493286 0.699299991130829 0.754499971866608 0.56470000743866 0.482800006866455 0.596499979496002 0.626999974250793 0.522700011730194 0.55129998922348 0.444900006055832 0.441799998283386 0.545700013637543 0.587400019168854 0.708899974822998 0.660099983215332 0.626900017261505 0.60259997844696 0.568199992179871 0.649200022220612 0.691399991512299 0.651300013065338 0.662599980831146 0.687900006771088
0.367799997329712 0.433699995279312 0.467000007629395 0.58490002155304 0.500199973583221 0.467900007963181 0.747099995613098 0.705799996852875 0.369199991226196 0.349000006914139 0.616400003433228 0.699299991130829 0.66100001335144 0.732299983501434 0.74099999666214 0.746800005435944 0.668500006198883 0.683899998664856 0.557699978351593 0.612800002098083 0.524699985980988 0.520500004291534 0.69080001115799 0.505400002002716 0.397199988365173 0.416299998760223 0.34400001168251 0.407099992036819 0.443300008773804 0.471799999475479 0.566600024700165 0.58050000667572 0.657999992370605 0.705799996852875 0.700999975204468 0.682099997997284 0.674000024795532 0.642199993133545 0.555199980735779 0.69650000333786 0.681599974632263 0.604399979114532 0.660600006580353
0.676599979400635 0.721499979496002 0.586099982261658 0.613200008869171 0.540899991989136 0.629700005054474 0.714699983596802 0.662699997425079 0.544099986553192 0.344399988651276 0.396800011396408 0.692700028419495 0.629599988460541 0.719500005245209 0.662599980831146 0.578700006008148 0.537800014019012 0.41159999370575 0.606000006198883 0.558399975299835 0.490500003099442 0.540899991989136 0.629899978637695 0.707499980926514 0.725899994373322 0.517000019550323 0.350600004196167 0.425799995660782 0.508400022983551 0.428200006484985 0.545199990272522 0.682799994945526 0.644500017166138 0.724900007247925 0.704200029373169 0.701600015163422 0.70660001039505 0.706900000572205 0.592999994754791 0.674199998378754 0.59799998998642 0.725899994373322 0.630200028419495
0.703999996185303 0.745299994945526 0.581700026988983 0.730199992656708 0.703599989414215 0.78439998626709 0.785600006580353 0.748199999332428 0.739700019359589 0.566299974918365 0.464599996805191 0.422300010919571 0.567499995231628 0.694700002670288 0.65039998292923 0.473399996757507 0.550599992275238 0.602500021457672 0.624800026416779 0.610300004482269 0.759999990463257 0.708199977874756 0.737500011920929 0.737100005149841 0.684000015258789 0.647599995136261 0.677500009536743 0.813000023365021 0.655600011348724 0.575999975204468 0.676999986171722 0.663299977779388 0.718999981880188 0.553300023078918 0.678699970245361 0.672699987888336 0.638700008392334 0.655700027942657 0.5935999751091 0.562600016593933 0.676800012588501 0.699400007724762 0.672299981117249
0.759599983692169 0.750100016593933 0.694500029087067 0.654999971389771 0.637399971485138 0.702400028705597 0.720200002193451 0.67960000038147 0.644200026988983 0.559599995613098 0.432900011539459 0.515999972820282 0.586499989032745 0.632099986076355 0.654500007629395 0.554799973964691 0.606899976730347 0.729900002479553 0.67739999294281 0.613900005817413 0.590499997138977 0.650699973106384 0.623199999332428 0.567700028419495 0.663900017738342 0.629499971866608 0.623700022697449 0.662000000476837 0.710099995136261 0.736699998378754 0.652599990367889 0.612399995326996 0.728600025177002 0.738699972629547 0.616100013256073 0.668900012969971 0.596800029277802 0.669399976730347 0.677900016307831 0.655799984931946 0.688399970531464 0.742799997329712 0.733900010585785
0.78549998998642 0.750199973583221 0.775300025939941 0.73089998960495 0.738900005817413 0.769900023937225 0.726700007915497 0.566900014877319 0.545000016689301 0.51419997215271 0.581399977207184 0.699699997901917 0.705799996852875 0.734499990940094 0.738699972629547 0.672399997711182 0.663299977779388 0.72079998254776 0.703700006008148 0.608900010585785 0.603399991989136 0.70389997959137 0.673399984836578 0.520900011062622 0.506699979305267 0.607299983501434 0.58950001001358 0.626200020313263 0.760800004005432 0.703100025653839 0.681299984455109 0.573899984359741 0.642300009727478 0.716899991035461 0.698499977588654 0.63400000333786 0.711199998855591 0.718800008296967 0.715200006961823 0.589299976825714 0.633099973201752 0.608900010585785 0.639800012111664
0.708299994468689 0.753199994564056 0.704800009727478 0.690699994564056 0.665300011634827 0.703199982643127 0.710099995136261 0.561999976634979 0.394499987363815 0.540799975395203 0.626399993896484 0.689100027084351 0.705600023269653 0.520399987697601 0.422399997711182 0.466800004243851 0.620299994945526 0.685999989509583 0.738600015640259 0.70880001783371 0.680000007152557 0.704900026321411 0.709399998188019 0.652899980545044 0.591400027275085 0.627799987792969 0.512000024318695 0.550999999046326 0.710900008678436 0.677600026130676 0.610599994659424 0.575500011444092 0.69379997253418 0.671000003814697 0.683099985122681 0.655399978160858 0.698000013828278 0.729300022125244 0.667500019073486 0.529799997806549 0.540799975395203 0.581099987030029 0.728200018405914
